,age,trestbps,chol,thalach,oldpeak,target
age,1.0,0.312,0.219,-0.404,0.23,-0.223
trestbps,0.312,1.0,0.184,-0.058,0.132,-0.126
chol,0.219,0.184,1.0,-0.073,0.039,-0.157
thalach,-0.404,-0.058,-0.073,1.0,-0.455,0.426
oldpeak,0.23,0.132,0.039,-0.455,1.0,-0.442
target,-0.223,-0.126,-0.157,0.426,-0.442,1.0
